1053.0000000000 2524.0000000000
4550.5704184177 -3074.1679988172
-895.0310917242 5566.8121775360
-2726.6603086209 -739.0502252220
417.0591283102 3696.5841584644
3364.0258644663 841.8317480985
1683.2626529059 -2540.0930070882
-2094.2354632778 662.8247179284
-1966.0000000000 4847.0000000000
1268.4175248676 -104.0482950317
79.4985790585 4246.4742552848
2228.4539195670 -6992.2222129163
2403.4433970068 5850.8142469052
-3604.5012509902 -392.6857631725
-5351.9901668420 -1404.2386188052
-1106.0499536400 2826.1795463128
93.0000000000 -1202.0000000000
1812.2270036963 -1342.7785922968
-3207.5940845559 132.2369546368
-1890.9220025928 -225.8689868216
2454.9408716898 -3364.5841584644
-2792.2359369799 2882.5973060483
-1419.3195840447 4650.8352144994
-4171.3754326851 82.3159826641
408.0000000000 975.0000000000
-5623.4396258509 -1208.1983250151
2111.1265972216 -1661.5233874576
-4360.5984536022 -1597.4174367886
464.5566029932 1649.1857530948
-407.0639976268 1285.4499201864
-1655.9529020192 2929.4964113939
-7710.6123051483 6407.2386148433
-2066.0000000000 -1812.0000000000
1434.7717562919 -2506.6173091269
642.1859063675 -3218.1303713820
2052.3758475173 -3631.9119525270
-2427.0024509786 -6435.7862889501
3977.9799545778 4275.9195109685
-2389.1562237499 3833.5732011360
-4685.6236311764 -6089.7833611439
-1334.0000000000 -4264.0000000000
2934.9121474220 -3727.1195303333
-4444.9106697805 9065.8415343753
989.0344540236 6474.3785016702
4003.6362927765 -2302.8615408441
-795.4106627274 1623.4772896114
-6903.6243112471 -2327.9227271244
2367.5785953852 -315.8725767960
-5112.0000000000 686.0000000000
-2462.2763600424 -1230.8888117802
-518.4130362155 2706.5417750283
-6006.9632444470 -5456.6280551611
837.0024509786 -2538.2137110499
-2283.5805487308 -2037.0085872190
-5816.4745107784 3220.5191460239
-2712.8374802227 -152.3961709802
-2992.0000000000 2326.0000000000
1422.6882696955 -3212.9601967811
2385.1377996285 -3530.2529380217
3869.1962296806 1765.2244159263
5986.3637072235 2564.8615408441
-533.0845564866 1695.1976346607
853.2550457754 1801.8303799645
911.2392292393 -1905.0108009883
8301.0000000000 -493.0000000000
-2351.5396693836 -1284.9681245312
-7001.7891658641 -385.9738390818
2884.2510232194 4061.5500330602
476.3427868130 -4399.0024509786
-530.7504278206 -1253.9337932797
-3501.7823089528 -2822.1886269183
-1982.3354709622 -2159.5217345278
-4215.0000000000 2749.0000000000
3911.3658668402 4355.3123137198
2720.5931195665 3244.5724790134
-5097.9241748015 1554.6449458737
84.0954544295 -5118.7753211306
-2902.9334661224 3063.4989372418
-2364.6852713332 -3709.1231846582
-8434.2308623265 3338.0614642715
109.0000000000 -1185.0000000000
-8580.3105167303 -2458.1794803022
953.3536729537 -3463.9603540010
5733.6445120140 -2240.7111022976
3273.6572131870 -1134.9975490214
442.3741177749 1497.9134704162
-1042.9409214122 -5490.8474453939
1930.2159421943 -3393.3828560501
5857.0000000000 -1107.0000000000
-1500.2044232059 -2007.6306542769
-1200.1576266561 2205.3617140693
435.2772590248 -809.1703168140
-94.0954544295 328.7753211306
-2288.0014813524 -5048.0126689880
829.4085016981 -417.8407430296
-2452.8982283623 -1967.4704335158
-4683.0000000000 -319.0000000000
4682.4327820794 663.6462096958
-3726.8076186191 1486.1075226410
-5263.7990106492 -2228.4432435760
1180.1011178080 -1359.9088347830
2689.5206986273 -1022.5639878025
169.3908797773 -1770.0480321523
1134.4403188044 1583.5093676219
2970.0000000000 -6090.0000000000
100.7708221157 -2918.7627583098
-2090.2032962850 2382.5566252647
2129.7240619648 1801.3719539055
1135.9328624631 -1390.1044353384
3158.1352758931 1123.5503189654
-10399.0842853397 -248.2616441828
-4393.4690301802 4558.1876340214
469.0000000000 -1033.0000000000
117.2687558074 724.3986290020
1578.4144741440 -5836.8201441240
2441.5445974250 2395.6747526548
383.8988821920 4173.9088347830
-6382.2797976896 -4379.2574437137
-2884.0804272247 3838.1401690515
-3575.3483301684 -1396.6891982887
-3608.0000000000 -2066.0000000000
-256.3058377612 4372.3678414472
1890.5964407601 612.1559962183
6493.6856083277 -3595.2761870105
-1775.9328624631 1516.1044353384
4986.4573009278 -2123.3788092845
-6466.2261672129 4248.1695072837
-2558.7782155240 -1382.3350793285
3502.0000000000 3897.0000000000
3180.9172835487 -2069.2736880843
-2644.0476790439 -259.3044747798
2848.0599940164 -4650.9974815082
-272.5257915757 -322.2218254069
3117.7043273648 -1430.2137896496
-1073.2258684688 -2646.3755024833
-256.5101514121 -6764.8126600591
-477.0000000000 3308.0000000000
1181.7763496404 -382.7960712973
-1614.4833242258 816.8588063925
-4254.6941502585 3274.3168640991
-1761.8466427496 1105.0884168849
5539.5808181320 113.9918963988
-1981.4578393141 -1633.8329581354
1759.8368833553 4388.8655367190
6356.0000000000 -3087.0000000000
1137.4609490916 4178.8608616437
244.1945063640 -1948.2602425705
749.0907641222 -1363.3218453995
2916.5257915757 -337.7781745931
-295.0216773178 882.6124859274
3386.2387796526 -3620.9192289694
858.4856485919 -720.6015972973
-7361.0000000000 -390.0000000000
2138.7250690578 -2907.0719073024
2170.3364969057 -1081.2940890421
2979.4037074748 -7079.9620340774
1729.8466427496 -3549.0884168849
-4321.1431195176 3925.8902123637
-1359.5550718698 -2186.8723104119
-3275.6726958899 1388.5132175234
-7055.0000000000 -6761.0000000000
-2019.1074291659 -3736.8606081918
-2414.6346034652 642.3599769733
3313.4623793722 -1413.9871711321
1185.3033534241 2084.4794693189
-5662.8885515536 -5819.4291947727
2706.8807263633 -465.6476011632
-4083.6893068050 6442.3857183555
144.0000000000 -3128.0000000000
674.6637427452 1477.8431028287
6060.5147083171 954.6064687768
-400.0735743217 -6095.6809312320
1590.0462787103 2091.7823586752
-3593.9291569447 3604.8660932427
3865.1612797039 -2176.0992530284
-4211.3836608630 -256.0897073296
3767.0000000000 8967.0000000000
-4232.9228498758 -2578.8582814099
-1596.2511753198 2824.7800666094
4152.3724398755 -1725.0265607845
-1203.3033534241 -4040.4794693189
-1944.9075088951 3067.0526175449
2553.5653754292 4783.4426172151
4279.3199265183 4494.1062377558
2064.0000000000 2194.0000000000
779.2923612150 2653.3845882132
1686.3710704679 2962.2534876405
-2989.5779863562 -1276.0366380270
-6956.0462787103 1120.2176413248
-984.2006075250 -4371.9983174550
-1837.6073814964 -2101.6957630234
4075.5697825799 -2817.6709476060
-338.0000000000 -1244.0000000000
660.2922102747 3969.5724317178
-1680.3277644047 -2488.4228994787
-2299.6011382386 1722.3981255145
-2907.6236969837 -2265.9325035256
-1277.2412759740 604.9613405163
88.5619674870 -1141.6933748936
-929.8566963311 421.3439953333
-3109.0000000000 1105.0000000000
6336.9670379221 -7185.1237447634
1289.9885558201 1397.1384446386
-1793.9835481628 3284.6721807440
-2090.1725445574 -7893.4873298689
-4115.5382149357 6360.6123137473
-1260.6079686993 963.9512956417
-654.3336949065 83.2589418749
3180.0000000000 328.0000000000
5041.5958297642 -5966.7820311514
5939.7907512024 -1739.5706757214
-2967.8571198874 5405.1264221734
3723.6236969837 -2140.0674964744
-708.4193266566 -3825.0122486203
-765.5877282707 -5214.1267456509
-3453.4633757310 3169.2915152928
-1533.0000000000 5763.0000000000
4408.9955566474 -1956.4846843065
2638.5484573822 -333.1448694385
90.9178529471 571.6879735406
1506.1725445574 4083.4873298689
-106.6518170423 -425.7433771398
-4346.3662705170 7011.8688249027
-1191.8222796898 3910.2208455265
591.0000000000 5893.0000000000
757.8106951079 1023.3961904262
-4277.4545064361 -807.1992154676
-934.0178551995 -4043.9049741538
4116.8749596422 -580.2337649086
1339.8204342326 -3574.4829723025
-918.0956515323 2536.9901794577
1382.4188102371 -1072.6323124443
-1155.0000000000 -583.0000000000
2641.6304123358 1954.1047362268
-2434.9186009486 -1389.0013429779
5856.2944171260 -4887.6345239847
3531.6645045387 -4000.1795821020
-3663.4994391404 -2648.5528344662
-6832.4051411459 2284.5251542472
981.9402675805 -1171.3084880578
-1635.0000000000 1619.0000000000
5333.8207183725 3527.7794320457
-2291.1861806832 -1165.9016485333
-3346.0686542763 -4497.2079357028
-2464.8749596422 1456.2337649086
3079.0735615357 -2261.6443456170
2147.9113777339 -26.3157223280
-3981.4370903100 -131.6492893403
-4461.0000000000 -1653.0000000000
2594.4469705221 -6171.0012867619
4351.5592880679 2182.1022069787
-6552.2162758143 -3248.6063823752
7180.3354954613 -4879.8204178980
1396.8966470338 1838.4010804489
4198.5894149442 -2455.1996113769
-1446.9136193435 -2411.0560939410
1966.0000000000 876.0000000000
1955.4211445701 -7679.7179299306
3907.3285869500 -979.6570723892
5179.1043009398 -2235.4046155911
-330.8461786817 485.0572900763
4900.0434736060 -3807.3002240657
868.8188729474 3075.6239649701
2444.4665363799 -4932.4521293649
5076.0000000000 3274.0000000000
1349.8754489159 2447.0004739837
-1680.1129682869 1431.1563434812
-907.0561913264 3024.9960049068
3337.0099525910 352.8409793711
891.7911457775 -6386.1400687432
-4227.4955865340 1951.0357894380
-4227.2604561143 -2736.2111676176
2918.0000000000 -2544.0000000000
3281.5858614213 -5565.6096179423
-1816.5137273001 -5261.8398946796
-2068.8307040947 1588.1878551723
-4381.1538213183 4970.9427099237
-3088.4515632512 6546.0683467636
2222.0649624733 -6145.7633522617
-512.3786111237 3631.9132371967
-384.0000000000 386.0000000000
-1265.4384451559 -5263.7760924135
-1246.7018913629 -3633.6593764124
631.7016356624 3112.8840961454
-2993.0099525910 -2520.8409793711
-136.8270658837 341.4751123479
2764.6117511134 5195.1035978536
-4763.7465103229 -1429.9132808476
211.0000000000 4189.0000000000
-1837.1027730242 -1053.7263554794
1140.0766362491 259.2573125997
150.9149991471 -1094.5003831242
-3527.0104602053 3500.4288578497
-6082.8689604982 -882.3115891016
-1421.3764595290 5742.1552296313
6535.4684638399 -584.5802864770
1207.0000000000 223.0000000000
2849.3211554520 3641.7199740541
1167.9884831796 7198.3833931824
4867.7508838887 -991.6428247794
-2049.4516600406 483.1282092114
-673.2259315221 -4405.6319723721
39.9183778060 3722.3476580967
-527.3258387544 -3291.3451227297
-2675.0000000000 -3197.0000000000
294.7303329907 269.8194075731
1524.0654993746 -4033.7903519807
1444.7571621756 7333.9508439091
-1136.9895397947 151.5711421503
-5052.0937713186 -2802.4070688003
-3480.9161798827 -2790.5412314314
750.0546521787 351.3528424378
-2171.0000000000 -771.0000000000
608.7970197838 -1591.2378485921
1467.8693811967 -2747.8503538014
2876.5651204173 180.2140022800
-2954.5483399594 -1771.1282092114
1516.4429281366 5023.7754527184
-2973.6257383943 898.0383437034
-122.1854428930 -1399.4490715166
-5580.0000000000 2594.0000000000
-700.3931313862 -1477.9240741183
-4565.8538452498 2846.6480648102
377.4201578738 -1763.2935125745
1655.0661223083 4711.4522727852
-2974.5050288975 3045.8679036114
-132.8900707147 2124.2518494409
-4481.5590856660 3663.4938502797
-3641.0000000000 -543.0000000000
-1916.9087383729 1127.1475011076
-1082.1237820460 2292.2975919424
498.5648779502 -4653.1528899365
-1728.5392103738 1626.0244917480
1795.2366916158 746.7808230231
2902.5668255470 -3148.5620761534
2899.3879805798 -5585.1165679445
-780.0000000000 6996.0000000000
452.1311229828 -2977.2013379749
-2185.9613733376 -1583.0471264710
-1074.2696829392 -3108.7990606238
-3313.0661223083 4800.5477272148
5982.0678520776 4271.5082649644
-3312.2667091964 556.3614924679
-4732.0047806804 809.0226939993
181.0000000000 -779.0000000000
255.1641117156 5163.3675276696
2133.9390006334 -431.8985302816
3691.9227345792 -3429.5666481829
3174.5392103738 -3294.0244917480
-2492.7928797353 3444.4533917172
-2973.4100456359 -3168.0512657554
-2139.4622016974 3363.4121349833
4027.0000000000 -1990.0000000000
145.5710783765 -1484.2738433234
3379.6089813789 -2563.1089179215
2950.1171576465 2537.2592515600
-5133.5273760024 4050.3371234345
5576.7183910116 2413.1248033625
2182.6496704437 -478.4873227785
1018.2510484243 -2138.8406494754
2896.0000000000 -6067.0000000000
2199.6478494948 4291.3483264519
-7341.7573610913 2310.2968216068
-4366.8763198735 -1102.3695359558
-1584.7172080490 1160.5876246715
5147.4707996378 -1620.7181921022
-4833.0769495282 2320.1444011232
-4505.2414882181 -282.0286403016
4549.0000000000 4582.0000000000
-1005.7464651734 -1772.1763204594
-5306.2457817696 -2384.4762122251
-2616.2517680985 -2196.2732092716
2473.5273760024 7465.6628765655
1222.8332221088 -892.6580285372
-2496.6001793334 7215.8337860593
4463.2870953978 3534.1928424318
-4928.0000000000 -1485.0000000000
8955.6830917240 3081.6432448760
-507.6058385180 3405.2883085397
-2384.8661213577 -473.9469511600
-1979.2827919510 -1284.5876246715
-3394.1779671800 -5920.2899902683
-1380.9725415820 2318.5091355960
-334.4196039208 1498.0068921727
2575.0000000000 7563.0000000000
-591.2254173005 4898.2817788714
-1689.3999240318 -2723.7227460416
-1171.8251863953 4884.6315408638
-392.7493500862 3351.7223638132
-4050.2534078018 -2246.9216954637
4033.6206484089 -494.8221841031
-2713.3594381331 2132.5426663737
-4451.0000000000 -463.0000000000
-4214.1800209006 2561.0962161767
-3767.5185301743 -70.8705917392
-4448.5531232909 -1361.1525596103
2048.8986283848 3232.9658710521
4050.8449424248 8245.4675312861
2354.3144213884 2678.2722300055
-3051.8726588496 -2159.6391122734
1685.0000000000 1329.0000000000
87.1861501726 -2932.4386243241
566.4805854972 3786.3163930292
1851.8402062834 -1040.4078025941
472.7493500862 -811.7223638132
-2401.7269607935 1092.9506067742
-3115.6743236013 1796.9256477593
1051.3920628097 -1987.2970529601
-3141.0000000000 -809.0000000000
5201.8054334036 2345.2877591240
-913.5621312910 -4715.7230552483
-3761.8134105120 -972.3211106982
875.1013716152 215.0341289479
101.5492807954 1964.2764275554
5419.7392538040 -680.3756936617
-915.8084519123 -2912.3565691013
1870.0000000000 -5679.0000000000
4317.4545423953 3145.4816679166
949.7552831147 -1228.4190937166
5028.9024116860 1413.9269276950
3017.8280246408 -5352.4838020778
-2478.1882888593 -2344.2125526849
-887.8467017904 636.3836245011
-2344.5714632915 -1329.6266483229
-2697.0000000000 -1918.0000000000
841.4166539521 1098.2124680284
-2192.0008789303 400.4124257048
3715.4703721580 -6305.6445505226
440.1603512486 -559.0511190835
-4715.5237779863 -2489.0820603484
-4378.8966176149 3543.9032613000
1518.5567508615 1815.0878760214
530.0000000000 -5425.0000000000
-965.5130627199 3458.1981883780
4175.9564718165 2960.0628881055
-5608.9020256922 1027.8313989522
-5683.8280246408 -4997.5161979222
476.2952301064 1052.2948957842
2469.8806820615 -4584.1761895744
3154.5402768362 1924.3790910115
-2443.0000000000 2894.0000000000
-1128.7083604689 1163.0333519188
-1181.7108760009 247.9437799063
-8397.8414593735 -832.1378653886
-3074.1603512486 -1722.9488809165
-6187.2329364192 -1467.9259589926
2252.8626373438 -2160.1106962267
1397.8451368155 6510.1837705541
4034.0000000000 -1867.0000000000
-1742.6969795772 1627.3695108006
879.7056375381 2178.2608189943
556.3732319256 -488.2031246786
20.4676784940 2426.3652916503
651.1911055338 -241.3415680817
-3682.0796166453 1049.5585246371
-3567.8919036306 1974.0830409916
-794.0000000000 -3589.0000000000
3221.8075758500 1871.3805690927
-2752.1007284171 3741.4735899996
1898.8996282454 -1844.4638764217
1190.3191180704 1088.0118343713
-233.3338636712 4158.0154869175
-1989.3215616901 3577.1614527455
-1907.8463815467 -254.8629896842
1632.0000000000 1403.0000000000
-2545.7071281569 -555.4443977437
-625.1262759004 4621.8367274763
1339.7304955192 5558.4264365295
2673.5323215060 -3974.3652916503
-1607.4895491488 -2115.9558266794
-1332.0632368534 217.9276232889
1723.0886293987 -4774.6817622156
-992.0000000000 2265.0000000000
2107.6656563316 -4921.3433388885
-2282.4786332205 2402.4288635299
-4239.4837351073 -6523.1379356168
-1420.3191180704 3791.9881656287
9420.5631828386 4825.3195645825
2575.4644151888 -1172.6476006715
-3202.8699648043 -1639.1597889041
-1641.0000000000 3875.0000000000
1237.6721619112 5789.1879357916
-1731.9292695460 97.4821419258
-1817.0525025952 -1651.4613582006
388.2489168103 3361.6072144624
-263.3257408909 3340.4921929724
-1854.1566517711 4399.9946734023
341.9839636473 1729.4804231788
-2083.0000000000 2763.0000000000
3328.5013691360 -9176.7086897395
5889.9901402836 -1597.3446226619
-1950.5996211900 269.2354970094
2820.2577925888 1204.3225842775
2793.5063194627 858.8816961104
-3502.1895065790 5793.2577404103
6099.5527907674 -4108.9942801815
681.0000000000 -6259.0000000000
-985.9334280690 -5114.9423343767
3891.7413192798 -1470.4330097530
-6195.5078391587 -75.1295988666
-1054.2489168103 2524.3927855376
2244.6413098640 -3377.1605173519
3430.9727369102 -1447.1984934451
-2914.3910841537 5308.5871592414
5243.0000000000 1649.0000000000
1306.4026145982 609.5886362967
-2697.8021900174 -2889.7045095109
-1146.0726380594 -1872.6428068387
3405.7422074112 3209.6774157225
7386.5353939878 1806.6610802970
-1570.6265785601 3169.9460796325
2006.0869307423 -3951.0750353422
176.0000000000 -4158.0000000000
2074.3407913623 2961.2616155204
2986.6667985629 1661.9684088794
-1671.1827279014 205.4889407112
-6647.8790385939 -4561.7628740146
4067.9764683786 6450.0291508344
-3282.0490969308 1617.9001942558
-1296.5941451852 802.0620243733
-507.0000000000 29.0000000000
-7748.2498820420 897.0879337751
-1549.9934684826 -1116.0405925989
3416.2985353191 46.8119926540
-1535.9206691543 -2819.1448404094
1121.1152580996 199.3268525341
-2195.7188968232 -1134.0130757191
-8698.4571593289 5263.9153778454
-2866.0000000000 -4286.0000000000
-6073.6125812804 1417.3036256284
796.9831232724 3461.8734370434
1682.9360259261 -1891.6306264835
-3866.1209614061 2773.7628740146
1055.5997960311 -1395.8086373037
2.6514094361 2813.5396314135
3407.9787692911 1374.8555076139
-4335.0000000000 2991.0000000000
1253.5944112916 5486.5046817998
-3909.6564533527 4520.1987466760
263.6534967874 -4016.8347986659
1293.9206691543 -1496.8551595906
1793.2357381592 -6223.7052227884
4607.1165843179 3766.5732500498
-3512.6327949082 2855.3315819516
3774.0000000000 -5055.0000000000
4736.6623263905 -3162.4079647069
-666.9758259366 -1048.2751765017
-6520.8231211444 -176.3574249971
3894.0585155655 1518.2938649010
4934.4663038320 4052.8823065701
-1139.0177249291 -224.3946008789
-3158.3270456048 2147.5670946172
-2298.0000000000 -6389.0000000000
2767.9111673346 2272.8593502447
-2367.2702751955 2110.1504161890
2329.7925893246 -1096.6012706628
-467.7296551649 -4488.0935726492
344.6504610443 3280.2992682339
985.1641684677 -2619.3553142553
1646.8535633350 -2030.8668232696
4818.0000000000 1565.0000000000
-1836.0141201146 2962.4197631298
1775.6396741842 -2693.0488435257
5023.5169090511 -1470.9552215069
6747.9414844345 -2082.2938649010
2600.1043624013 2513.9985855325
2543.3150560371 -328.0406817708
-697.7470561604 -4336.0044123984
-4854.0000000000 7359.0000000000
4534.9494278296 -1926.8590169428
-3541.3935730521 3287.1736038384
-3634.7201421400 505.1485486272
-2750.2703448351 4724.0935726492
989.2700712823 6454.8077079386
1434.5385004243 123.7905969050
1443.4543033388 1098.0695095905
-1800.0000000000 2298.0000000000
-1584.3956689233 -1601.4195137314
1590.9228402436 82.0778931882
3043.1553525827 -2963.1459876840
-874.0889244992 -1102.4228355337
834.4316314717 -616.7791494225
-4744.4794336516 -2311.2121342026
4587.2772615560 -6360.9262465600
2287.0000000000 1541.0000000000
-5136.9421538475 1673.5326851890
1527.0421927170 -4356.4749387786
188.4114155543 2820.9177746617
7667.8285322551 67.4010485714
-5912.1962416758 -794.8493548408
-5280.8978764584 8435.4329049968
3029.8834775117 6884.7538572007
1908.0000000000 1952.0000000000
3111.1392639101 -911.5602813395
-1525.7246400329 -654.6755139972
-4088.1763838502 -3835.8310661300
-159.9110755008 -1157.5771644663
-2691.4201350415 6641.5782610877
1818.4737267267 3658.5441018728
-2860.9549330980 1364.6339441561
-1263.0000000000 -1411.0000000000
180.2135620856 1335.5397543953
4627.7596070723 1077.0725595875
-1105.6123148240 -941.0726065269
2906.1714677449 3748.5989514286
-1792.8302579792 1137.9575986621
-8509.0964166167 885.2351273330
-1977.9838754324 342.6703308824
-1841.0000000000 -2190.0000000000
-2851.5181358014 -4033.7014574359
2450.4891731162 3108.8694185034
-633.8483157496 -3925.9819284765
-6172.6629816959 1525.2388155425
-3215.4121267834 -3116.0280846693
-753.0931661715 4660.0578271616
6346.2622878013 -1378.7923819239
-4303.0000000000 -478.0000000000
4873.2089487108 2343.9687693649
-1673.5889083089 -971.0546943827
-3732.6667325187 -4295.9716377306
-776.0996385116 2179.4802307404
-2742.4593514898 451.0704724772
2061.2425016944 9533.0907305943
-323.7435679627 3428.2815684404
-4677.0000000000 -5674.0000000000
4010.1169880138 -693.3899713324
-2346.0676682022 2375.8395265117
125.1979791554 -611.0105047983
1998.6629816959 -313.2388155425
-951.9730786744 -1459.6253947386
-3192.4978811607 670.5208166011
1295.7693356590 3234.3855646619
1997.0000000000 4994.0000000000
-725.4489340728 3135.2142886883
8221.1674033948 4006.3457493676
-1604.8265022608 -1274.2274070518
358.0996385116 1964.5197692596
523.4856900972 2868.4913776458
3304.3485456378 -3919.6693743570
-1992.1444841239 -2736.6832731212
2871.0000000000 1309.0000000000
-2075.4273276356 5063.4075208403
-2953.2677175643 -345.2309353595
5490.3933637940 2380.4550450457
3328.9409768202 7387.0360723122
-106.1877059579 2951.1211093524
755.2377445982 2734.5165412303
5837.9995072510 1936.9106685260
2147.0000000000 -2987.0000000000
-1052.4273506520 -3267.8159684325
884.2859377026 2775.2202109415
5773.3662765934 4573.4953475855
2754.7160876900 -2697.5891039680
252.5337178899 -124.7003424695
186.2417305083 2346.3248028650
-4689.3351666112 -1402.0538407499
5537.0000000000 303.0000000000
2149.6519724692 -3152.4084012550
-930.7633041140 -1644.1702183423
4229.6952259486 -994.7984889777
-3464.9409768202 3200.9639276878
-265.3434105846 5824.1352571599
-870.6741040604 -468.1758464583
652.7245280099 -5551.7764108840
3745.0000000000 -3197.0000000000
-2827.3876236388 -1223.3570263299
-384.2549160243 -3689.8190572397
-3851.1851777920 -9957.7448327661
25.2839123100 -590.4108960320
52.5877281098 -1246.3821488657
6113.1946289538 3195.3345023630
-3107.6585571937 1295.5125122204
3495.0000000000 -2545.0000000000
-1847.1587902268 84.2382702974
2155.7895123693 -2011.7622174721
-3426.6846244941 221.8941297226
-1108.5343084167 2781.9828611877
4347.8696923849 -1778.5767472068
215.9299778862 -1394.7471235809
957.2967483274 42.7893898885
-8.0000000000 -2052.0000000000
-3025.3154241564 3429.4725226221
-610.6184113125 5947.0659359767
838.7615710289 395.1521623585
1109.0195897909 805.9030662741
-5183.3580838228 4026.9096198760
4673.0875259183 -1625.7265645093
-4204.0591751775 -3276.1040057281
1341.0000000000 -2573.0000000000
-5866.7065799265 -3012.8674214949
6416.8422989715 -3457.9544394162
2829.3382247066 -698.4950811224
-2733.4656915833 -2089.9828611877
6229.0307662304 1588.2635840042
-4053.6309136745 3088.1815396788
519.1810004784 962.4669378544
2860.0000000000 3450.0000000000
-66.4134218761 5428.0380130175
-1330.0134000283 3610.6507209115
3848.0800627239 3532.1451818100
2716.9804102091 646.0969337259
1948.0518413933 802.5221588845
-5187.3865901299 4108.2921484114
470.0861924065 6140.1512852164
789.0000000000 1269.0000000000
586.1571818077 1149.4042127545
3827.4668110446 -7119.1028174134
-6087.5106678795 -1609.0451738766
933.9260787257 -2016.5740571967
-636.1451030053 -4857.4929900606
-2384.6734471523 -1486.8352122351
3565.5831309097 2112.6226322878
6920.0000000000 7276.0000000000
498.0700907632 -3245.5961834842
1812.4513060013 -6155.0971815233
1564.5262914108 4584.0539140629
5649.4092680588 610.3366158202
-2752.6985917277 1976.7245329751
1347.2592749373 -2460.3239857863
-1179.5850761553 -3678.5201720838
-141.0000000000 -439.0000000000
2191.0250668907 -4265.4508410793
536.9834748300 -734.9851354037
3629.0666691060 435.7958285252
-4483.9260787257 5440.5740571967
-4923.3264826659 -974.1242586281
4014.1716397104 5931.2997834595
-3871.1388291411 -7485.1596356791
88.0000000000 838.0000000000
-1099.3947724389 -4592.6421773134
-1636.9015918759 -4586.8148656596
1653.8393481991 945.2027842242
692.5907319412 85.6633841798
-2935.6873896239 -1470.8222951639
-5388.7574674954 2155.8594145619
-4186.7808664497 3615.0498225395
4997.0000000000 68.0000000000
797.7378309566 6114.3906176484
-2614.6083494655 258.1685159407
4351.5659106318 -1193.0258973967
-2132.5700217913 2607.6149698820
1663.4149576863 -5075.6577688734
-5214.7651774488 -3905.0734580243
4966.9325323669 312.3362417288
1686.0000000000 1363.0000000000
-3267.8212220285 4809.2133877539
1233.1044809390 -3815.5917303012
3568.3779359880 -1210.1495255974
488.1608588628 -691.0060223160
6457.1493303478 -990.8963409737
-2115.2714285092 -3361.8668955694
2172.2031510782 -2757.9486004540
-855.0000000000 5310.0000000000
4075.6941373531 7662.3138655651
-3844.1054975067 -2021.1425448963
314.4910047276 2050.9789957498
-2357.4299782087 674.3850301180
-2693.0247410192 5307.0617316008
447.4615702176 2513.6225158586
-4307.1631079608 1449.6796544198
-708.0000000000 -5461.0000000000
-1948.3834677564 539.0698486310
1285.6093660332 -2529.4342407432
-2981.9007967379 3481.8961375433
913.8391411372 2713.0060223160
3139.2331744603 -2997.4953413520
-2233.4249642596 -4506.6821622650
2075.4933699062 2434.2329940063
2247.0000000000 -812.0000000000
2804.4100431525 -1475.8792324667
2822.7741256943 -920.1623352071
-7810.3630872442 4086.2725637210
-2579.2995282795 -1895.1674939235
6845.0442755105 -3766.5538421416
1326.6411398045 -3397.5876036087
-4827.0315504882 -1242.4119880422
3634.0000000000 -4055.0000000000
69.5953982483 -468.8417513643
-5396.4025198916 -2057.9201460151
770.4572988281 1735.5658366896
-518.1385642863 -595.6015510839
-3836.3349133198 -462.3615560440
-10060.2159396607 365.8271737333
1908.6147176491 265.4839143232
-3679.0000000000 -5920.0000000000
1792.4293362655 675.0497669802
-1112.9761510496 -4112.7005798031
3346.1890731998 2267.0316720073
1639.2995282795 1899.1674939235
6747.0526395780 -1048.8698705694
-718.1990118334 1226.8358025440
2545.7556572843 3929.7503401922
-2578.0000000000 1795.0000000000
2303.9059171057 5565.4110348674
-813.3954547530 -3201.2169389747
3379.2094982029 291.4131836010
-629.8614357137 -376.3984489161
489.8973034594 -3985.9545492616
-1120.2261883103 1592.9246273314
-3024.8316074319 -2509.1055224922
1913.0000000000 -28.0000000000
-559.9904924802 -918.5262941937
-4333.7938065253 3011.2210907893
2508.9812557960 -2521.1940272534
2323.3018741277 -937.8902602206
2315.8108294405 1668.4378740584
-4598.9003361904 95.4709471230
-4203.0933826957 1649.4414069960
451.0000000000 1260.0000000000
-655.9569077919 -4011.2899290815
1451.6985060303 3663.7233566295
7063.5742175960 3926.7870965315
2853.5849198858 2217.4919164349
2697.6263078286 -5091.3563956837
3299.1872074525 5553.4406730691
-875.0178683387 242.4365886513
-2365.0000000000 -2146.0000000000
1534.7060193916 6522.0410087597
1422.9622105471 3862.3263826183
-2533.8249638292 2979.0407706291
-403.3018741277 -1676.1097397794
1372.8388381817 -3394.6638435154
3412.9978826610 1252.0625382883
5724.8472908564 3276.7948725776
-1235.0000000000 -1374.0000000000
4077.9074698460 -3465.6161352721
4479.1330899480 1150.7291699628
-1344.0661537009 553.4738078312
1702.4150801142 -2019.4919164349
-2758.9420644163 -7037.0262850717
-5141.2847539230 7747.0258415196
1970.5996043161 -490.7805159633
-6921.0000000000 -2027.0000000000
-3348.2098224254 -396.3754391797
2237.4702966452 2556.3391391951
1965.3806516767 -1190.1121520210
-2736.9084758455 -954.7659812842
5519.9918540587 1585.1593470073
-508.7539623782 -5163.2190913802
5411.5704212179 1450.9440713615
-5438.0000000000 -2170.0000000000
-818.3704226213 184.5719013190
1163.5541175237 1907.6477851672
1739.4141534962 4179.2415255627
-434.8678605137 6796.7620074628
2199.2545461944 3703.5287416207
1134.2467131867 -4381.8373228110
-3428.1970925236 -2341.6385422503
-1283.0000000000 1369.0000000000
16.9828485112 -1735.1951035635
-2425.4262151063 -6524.9291097148
1605.8845749331 -5419.9280313679
10.9084758455 -1021.2340187158
-606.0566651723 139.9369104432
2225.6661582379 -2001.7433134648
-2985.8393448699 -1326.7734179104
-5470.0000000000 1380.0000000000
-3966.3030265368 3538.4098963938
-4663.5981990626 -4923.0578146475
2766.9099341227 3482.4656133436
-5615.1321394863 -1692.7620074628
-125.2893120084 -4516.0362540407
4420.8410909536 4850.7997276559
-2539.1232980531 3653.8009332819
-2040.0000000000 5568.0000000000
251.6127905537 -847.7026668121
-1543.8866451326 -3236.6153693861
566.1933864273 2334.9579559454
1376.9423509862 -1189.8338366961
343.1928941717 -1386.9274931968
3887.3941404391 -1913.6538463345
3442.4702928323 730.0696024814
-68.0000000000 3284.0000000000
935.3659462486 1471.2130755379
3056.5797636712 2277.5500410369
-212.7924628671 1002.5295118212
4761.5525240415 411.0867273278
2680.7972936672 5101.6416879571
-1600.0227869680 2598.5067966338
1701.4182943085 -4157.9953751343
-1294.0000000000 -2258.0000000000
-766.2985035515 -5303.1561797946
2159.7521597981 1013.0898316176
-532.9433978492 3814.7782178770
-322.9423509862 1403.8338366961
465.7291236360 -5054.7577817013
-3018.2737917777 2286.5233964053
4014.5209287440 -192.9137697915
-8962.0000000000 4530.0000000000
1771.3458864703 -1997.7055941692
1247.5547216633 657.9754967316
-7005.5901292652 -319.8479442901
2900.4474759585 4930.9132726722
846.2545688039 3289.3949521790
6066.9024383066 -6219.3763467046
-3621.2769123307 -1171.5781989091
-4607.0000000000 -1099.0000000000
-83.8228562772 2475.4749827406
-3829.5652727012 -4151.0938273507
-465.3915505991 -1236.1603928185
8738.6924189474 238.2658018155
-1602.9421195964 -1830.3392747143
2433.9200852426 672.9250928046
628.4761505411 8.5356121136
1279.0000000000 755.0000000000
-4297.8422608738 -1436.2487606460
3482.9109227561 -7154.0136878479
-1241.3300770118 -1121.3287337974
-2902.0231611284 -1151.7561338236
5484.2033171109 -2398.3670455949
7057.9863434860 -908.8120760440
-5035.6683222203 4376.3410881896
761.0000000000 -5511.0000000000
-1116.2708115681 3265.7014612321
4249.6079184901 -7500.9711745987
996.8645747534 2645.5850179533
601.3075810526 1697.7341981845
1643.5647629723 -91.8172603401
451.2074060938 2002.2501565385
-2207.6165368744 2392.5985375056
3635.0000000000 2295.0000000000
-3456.9831124620 3578.6219437058
4769.0464314550 3594.0786897973
1042.2935609965 -869.7837672651
-4369.9768388716 -2792.2438661764
-4585.9069193057 -6571.0260463833
-855.1138348223 -1306.3631732991
7258.3722004146 -2963.7873618810
-5775.0000000000 528.0000000000
-2044.7420728531 -5907.1388250853
142.2426242377 -1529.1974968372
772.5668045854 -426.5825861093
-365.6144622677 -570.5059479776
-785.0863671079 -895.2027480766
3623.3911155476 -841.8442101585
3317.1557256041 4968.6575663264
-6718.0000000000 -2227.0000000000
1885.0504382256 1632.9934579384
5114.6838799386 3624.1606241458
-3120.2004580140 -2070.6670029628
-256.7032816366 4635.0387770979
-3943.4971365992 -2445.3902550604
4498.8159560322 3970.9521152086
-1253.2075357556 -726.2647978999
-281.0000000000 -5044.0000000000
-784.3711626207 -2944.4847367727
2395.0674077934 -3289.1232056600
-4237.5774225700 2067.6287155209
5507.6144622677 6196.5059479776
1056.8496445108 3282.6540316585
1459.8422904236 -4286.3368076934
-840.5955222924 -781.7789328614
-1366.0000000000 1415.0000000000
-2728.5343159465 1800.4973516887
2296.0060880302 -1413.8399216486
344.6257971752 -6231.3831618541
1574.7032816366 -845.0387770979
1232.3309723910 636.0717237094
1333.9506379966 1165.2289026434
-3526.7673887327 -2439.6098001599
-3623.0000000000 -6786.0000000000
5734.3311469499 1844.8713554534
-1125.2599575536 -2820.6757579006
-4714.7755785661 3971.6167898182
6211.0550493584 1530.5457403041
-1862.3942050845 1838.6887204378
-224.0896704847 -548.0984072207
1787.5623801446 2401.1626119540
-1091.0000000000 322.0000000000
5979.8464034972 5912.5742194660
4572.0239518320 1124.3966356643
5051.7762559051 1003.3132594346
-2616.5478323451 5804.8157262016
1509.0027149847 1467.6455812885
-4603.8900300119 -98.2899112836
3249.8716832894 517.0888371273
3657.0000000000 858.0000000000
-2927.2035407717 2397.2189558707
3232.4118355076 -2356.7778455043
-4334.4768908925 -7884.5255165071
4448.9449506416 -2836.5457403041
1354.3953804748 -897.5742641639
-2580.4682631281 -2131.2426464888
768.0496020422 1671.2532546256
-559.0000000000 -1650.0000000000
3056.6052032855 -313.2619413384
688.8241702140 -2.9430322594
-1096.6934775414 3288.4012408650
2228.5478323451 1941.1842737984
-1172.5831033359 -4786.1626270141
6248.4479636248 -3070.3690350070
-1871.3139743813 -1744.3104773175
-4308.0000000000 2677.0000000000
-710.3600062811 2025.7069025885
-2120.0743655705 2336.0790668770
3173.9517990293 3400.6509975127
-4184.9619407771 131.7921010054
2545.2912856063 -1881.1334193764
-10753.7733834771 -3014.9525485118
-575.0657338029 -3942.0577106625
2031.0000000000 78.0000000000
-3073.5640924056 344.8808018244
-4662.1539768703 6224.8673564947
2621.5838302847 4187.4501605484
3539.2491706174 -3114.3167722222
1148.3648691730 -623.1598811869
-3590.1450692625 2661.2822630361
-66.7985312131 2592.8606640489
4888.0000000000 1875.0000000000
2104.1353016809 -3356.0222653247
3905.3067563131 -142.6059788116
-1498.7847389086 -1393.0816972579
-4093.0380592229 2342.2078989946
3295.1890457622 2181.3743431157
-84.0822401813 4908.9631573938
-6286.9526414564 -3494.8744346363
-2891.0000000000 -594.0000000000
2610.7241539939 1102.5312408307
-683.0784138722 -3966.3404445601
3648.2747832855 851.9257000991
4066.7508293826 988.3167722222
-751.7805575296 -1370.1777224712
-1027.9993070790 3568.7071280819
-3160.2087672185 4141.1263203476
