1053.0000000000 2524.0000000000
4550.5930175781 -3074.1430664062
-894.9736328125 5566.7724609375
-2726.4841308594 -739.0024414062
417.0363769531 3696.5068359375
3363.9384765625 841.7814941406
1683.2539062500 -2540.1296386719
-2093.9113769531 662.6945800781
-1965.9401855469 4846.8520507812
1268.3083496094 -103.9858398438
79.4633789062 4246.3239746094
2228.5102539062 -6991.8891601562
2403.3066406250 5850.4777832031
-3604.3344726562 -392.7058105469
-5351.6191406250 -1404.2143554688
-1105.7285156250 2825.8454589844
92.9970703125 -1201.9633789062
1812.2011718750 -1342.7153320312
-3207.4597167969 132.1140136719
-1890.7985839844 -225.7133789062
2454.8012695312 -3364.4143066406
-2792.0300292969 2882.4226074219
-1419.2473144531 4650.6044921875
-4170.9506835938 82.1921386719
407.9750976562 974.9404296875
-5623.1113281250 -1208.1081542969
2110.9951171875 -1661.4958496094
-4360.2443847656 -1597.1513671875
464.5043945312 1649.0139160156
-406.9465332031 1285.3100585938
-1655.6687011719 2929.2402343750
-7709.7133789062 6406.5302734375
-2066.0000000000 -1812.0000000000
1434.7260742188 -2506.5673828125
642.1870117188 -3218.1538085938
2052.4284667969 -3631.7932128906
-2426.9445800781 -6435.6093750000
3977.8754882812 4275.8032226562
-2388.9375000000 3833.3681640625
-4685.4392089844 -6089.5368652344
-1333.9594726562 -4263.8698730469
2934.7707519531 -3726.9780273438
-4444.7902832031 9065.5766601562
988.9289550781 6474.2114257812
4003.3820800781 -2302.7456054688
-795.4038085938 1623.3354492188
-6903.1940917969 -2327.8371582031
2367.5229492188 -315.7231445312
-5111.8439941406 685.9790039062
-2462.2255859375 -1230.7617187500
-518.3903808594 2706.4687500000
-6006.8232421875 -5456.4631347656
836.9677734375 -2538.0393066406
-2283.4460449219 -2036.9528808594
-5816.0261230469 3220.2331542969
-2712.5405273438 -152.1660156250
-2991.8173828125 2325.8579101562
1422.6364746094 -3212.6870117188
2385.0593261719 -3530.1877441406
3868.9958496094 1765.0593261719
5985.8259277344 2564.6511230469
-533.0319824219 1695.0517578125
853.3627929688 1801.7001953125
911.1196289062 -1904.7705078125
8301.0000000000 -493.0000000000
-2351.4892578125 -1284.9018554688
-7001.7561035156 -385.9189453125
2884.1220703125 4061.5864257812
476.3142089844 -4398.8845214844
-530.7175292969 -1253.8784179688
-3501.6445312500 -2821.9619140625
-1982.2070312500 -2159.3801269531
-4214.8713378906 2748.9160156250
3911.3271484375 4355.1962890625
2720.5395507812 3244.4152832031
-5097.7734375000 1554.5351562500
84.0910644531 -5118.4902343750
-2902.7448730469 3063.3430175781
-2364.5410156250 -3708.8623046875
-8433.5629882812 3337.9577636719
108.9965820312 -1184.9638671875
-8580.0471191406 -2458.1804199219
953.4389648438 -3463.8386230469
5733.4699707031 -2240.7543945312
3273.4716796875 -1134.9118652344
442.4672851562 1497.8513183594
-1042.7846679688 -5490.4204101562
1930.2604980469 -3393.1125488281
5856.6423339844 -1106.9326171875
-1500.0019531250 -2007.4704589844
-1200.1225585938 2205.1652832031
435.2163085938 -809.1057128906
-94.0876464844 328.7727050781
-2287.7639160156 -5047.5776367188
829.3945312500 -417.6904296875
-2452.4636230469 -1967.3093261719
-4683.0000000000 -319.0000000000
4682.3747558594 663.6108398438
-3726.8156738281 1486.2004394531
-5263.9326171875 -2228.4118652344
1180.0690917969 -1359.8950195312
2689.3872070312 -1022.4570312500
169.4902343750 -1770.0976562500
1134.6196289062 1583.4938964844
2969.9094238281 -6089.8139648438
100.6713867188 -2918.7084960938
-2090.1472167969 2382.4565429688
2129.5563964844 1801.3703613281
1135.8779296875 -1390.0339355469
3157.9111328125 1123.5698242188
-10398.2741699219 -248.3437500000
-4393.1203613281 4557.8730468750
468.9855957031 -1032.9685058594
117.2656250000 724.3850097656
1578.4306640625 -5836.6389160156
2441.5222167969 2395.5937500000
383.8713378906 4173.6816406250
-6381.9829101562 -4379.0168457031
-2883.8549804688 3837.9365234375
-3575.0993652344 -1396.7163085938
-3607.7797851562 -2065.8740234375
-256.2763671875 4372.1218261719
1890.5046386719 612.0910644531
6493.1950683594 -3595.0595703125
-1775.7846679688 1515.9797363281
4986.0393066406 -2123.1740722656
-6465.3659667969 4247.7648925781
-2558.3718261719 -1382.2717285156
3502.0000000000 3897.0000000000
3180.9023437500 -2069.2631835938
-2644.0400390625 -259.2634277344
2848.0209960938 -4650.7976074219
-272.5334472656 -322.2119140625
3117.6281738281 -1430.2128906250
-1073.2634277344 -2646.1943359375
-256.4760742188 -6764.6044921875
-476.9853515625 3307.8991699219
1181.6313476562 -382.7470703125
-1614.4528808594 816.8515625000
-4254.6516113281 3274.4636230469
-1761.7565917969 1105.0444335938
5539.2548828125 113.9406738281
-1981.3002929688 -1633.6638183594
1759.8500976562 4388.6110839844
6355.8061523438 -3086.9057617188
1137.3422851562 4178.7539062500
244.2380371094 -1948.1843261719
749.0249023438 -1363.2092285156
2916.3632812500 -337.7578125000
-295.0849609375 882.5258789062
3386.0600585938 -3620.6203613281
858.4118652344 -720.4252929688
-7360.5507812500 -389.9760742188
2138.5876464844 -2906.9504394531
2170.2207031250 -1081.2277832031
2979.2653808594 -7079.4892578125
1729.7058105469 -3548.7866210938
-4320.8378906250 3925.5683593750
-1359.3935546875 -2186.6123046875
-3275.4577636719 1388.3830566406
-7055.0000000000 -6761.0000000000
-2019.0878906250 -3736.8168945312
-2414.6010742188 642.2905273438
3313.3728027344 -1413.8662109375
1185.2790527344 2084.4467773438
-5662.6757812500 -5819.2341308594
2706.7351074219 -465.7346191406
-4083.7202148438 6442.1049804688
143.9956054688 -3127.9045410156
674.7292480469 1477.8720703125
6060.2678222656 954.5097656250
-400.0124511719 -6095.4062500000
1589.9919433594 2091.6594238281
-3593.6164550781 3604.7509765625
3864.9475097656 -2175.9160156250
-4211.1892089844 -256.0949707031
3766.8850097656 8966.7263183594
-4232.7707519531 -2578.8496093750
-1596.1718750000 2824.6550292969
4152.1723632812 -1724.8198242188
-1203.2419433594 -4040.2634277344
-1944.6677246094 3066.9013671875
2553.3281250000 4783.1628417969
4279.1862792969 4493.6528320312
2063.8740234375 2193.8659667969
779.2988281250 2653.2480468750
1686.1528320312 2962.0229492188
-2989.5114746094 -1275.7736816406
-6955.4526367188 1120.1101074219
-984.0297851562 -4371.6557617188
-1837.5397949219 -2101.4655761719
4075.2631835938 -2817.5178222656
-338.0000000000 -1244.0000000000
660.1704101562 3969.6596679688
-1680.4377441406 -2488.3732910156
-2299.4997558594 1722.2077636719
-2907.5681152344 -2265.8637695312
-1277.1767578125 604.9265136719
88.5954589844 -1141.5617675781
-929.6914062500 421.1687011719
-3108.9050292969 1104.9663085938
6336.7211914062 -7184.9318847656
1289.8908691406 1397.1042480469
-1793.8576660156 3284.4765625000
-2090.0629882812 -7893.0656738281
-4115.3188476562 6360.3239746094
-1260.4260253906 963.7358398438
-654.2031250000 83.0837402344
3179.9030761719 327.9899902344
5041.3437500000 -5966.5229492188
5939.5910644531 -1739.4648437500
-2967.6450195312 5404.8098144531
3723.4296875000 -2139.9360351562
-708.3439941406 -3824.8317871094
-765.5319824219 -5213.7834472656
-3453.1821289062 3169.0183105469
-1532.9064941406 5762.6484375000
4408.6110839844 -1956.2309570312
2638.3239746094 -333.1384277344
91.0405273438 571.4372558594
1506.0527343750 4083.1735839844
-106.5925292969 -425.7485351562
-4345.9277343750 7011.2119140625
-1191.6286621094 3909.7954101562
591.0000000000 5893.0000000000
757.7224121094 1023.4372558594
-4277.3957519531 -807.1787109375
-933.8601074219 -4043.6604003906
4116.7824707031 -580.2260742188
1339.7626953125 -3574.3874511719
-918.1252441406 2536.9155273438
1382.4609375000 -1072.5180664062
-1154.9648437500 -582.9821777344
2641.5075683594 1954.0617675781
-2434.8891601562 -1388.9853515625
5856.2165527344 -4887.2602539062
3531.4309082031 -3999.9309082031
-3663.3559570312 -2648.3930664062
-6832.0722656250 2284.4296875000
981.8703613281 -1171.1159667969
-1634.9501953125 1618.9506835938
5333.6118164062 3527.6875000000
-2291.0163574219 -1165.8398437500
-3345.9641113281 -4496.8312988281
-2464.7575683594 1456.1547851562
3078.8845214844 -2261.4501953125
2147.8200683594 -26.3801269531
-3981.1655273438 -131.5571289062
-4460.7275390625 -1652.8989257812
2594.1667480469 -6170.6723632812
4351.3222656250 2181.9846191406
-6551.7832031250 -3248.1601562500
7179.6967773438 -4879.3781738281
1396.7556152344 1838.3603515625
4198.3503417969 -2455.0266113281
-1446.6860351562 -2410.7705078125
1966.0000000000 876.0000000000
1955.3923339844 -7679.6096191406
3907.3420410156 -979.5400390625
5179.1057128906 -2235.4655761719
-330.8156738281 485.0200195312
4899.9172363281 -3807.2043457031
868.7324218750 3075.6464843750
2444.4670410156 -4932.3188476562
5075.8452148438 3273.9001464844
1349.7470703125 2447.1357421875
-1680.0397949219 1431.1799316406
-907.1235351562 3024.8798828125
3336.8381347656 352.8334960938
891.6730957031 -6385.7807617188
-4227.3007812500 1950.7851562500
-4226.8625488281 -2735.9526367188
2917.9108886719 -2543.9223632812
3281.4719238281 -5565.3825683594
-1816.5102539062 -5261.6259765625
-2068.8305664062 1588.0937500000
-4380.9064941406 4970.6618652344
-3088.3342285156 6545.8366699219
2221.9179687500 -6145.4624023438
-512.2844238281 3631.8452148438
-383.9765625000 385.9763183594
-1265.3803710938 -5263.4028320312
-1246.5827636719 -3633.4172363281
631.6955566406 3112.5437011719
-2992.7673339844 -2520.6247558594
-136.7958984375 341.4909667969
2764.4428710938 5194.5925292969
-4763.2060546875 -1429.7316894531
211.0000000000 4189.0000000000
-1837.1245117188 -1053.7712402344
1140.0336914062 259.3334960938
150.7805175781 -1094.6481933594
-3526.9147949219 3500.3388671875
-6082.6618652344 -882.3112792969
-1421.2365722656 5742.0266113281
6535.2145996094 -584.4931640625
1206.9631347656 222.9931640625
2849.2778320312 3641.6401367188
1167.9113769531 7198.1677246094
4867.4377441406 -991.6232910156
-2049.3220214844 483.1096191406
-673.1147460938 -4405.4223632812
39.9953613281 3722.0722656250
-527.4326171875 -3291.1015625000
-2674.9184570312 -3196.9023437500
294.6989746094 269.8254394531
1523.9812011719 -4033.6689453125
1444.6083984375 7333.7099609375
-1136.9084472656 151.5451660156
-5051.7431640625 -2802.1950683594
-3480.6601562500 -2790.5161132812
749.8264160156 351.3569335938
-2170.8676757812 -770.9531250000
608.7636718750 -1591.1579589844
1467.7407226562 -2747.7817382812
2876.2375488281 180.0991210938
-2954.2822265625 -1770.9775390625
1516.4228515625 5023.4316406250
-2973.3337402344 897.8710937500
-122.2170410156 -1399.2102050781
-5580.0000000000 2594.0000000000
-700.3413085938 -1478.0034179688
-4565.7880859375 2846.6567382812
377.4006347656 -1763.1650390625
1655.0405273438 4711.3083496094
-2974.4384765625 3045.7019042969
-132.7993164062 2124.1855468750
-4481.2512207031 3663.3315429688
-3640.8889160156 -542.9833984375
-1916.8134765625 1127.1208496094
-1082.1030273438 2292.2102050781
498.4648437500 -4652.8339843750
-1728.4582519531 1625.9499511719
1795.1706542969 746.6564941406
2902.4584960938 -3148.2976074219
2899.3735351562 -5584.8808593750
-779.9760742188 6995.7866210938
452.0979003906 -2977.1411132812
-2185.7932128906 -1583.0488281250
-1074.2868652344 -3108.4802246094
-3312.8886718750 4800.2551269531
5981.7211914062 4271.2014160156
-3312.0629882812 556.2924804688
-4731.6074218750 808.9587402344
180.9887695312 -778.9523925781
255.1171875000 5163.0493164062
2133.8273925781 -431.9089355469
3691.6979980469 -3429.1721191406
3174.2734375000 -3293.7478027344
-2492.6516113281 3444.0327148438
-2973.1875000000 -3167.6853027344
-2139.2526855469 3363.2128906250
4027.0000000000 -1990.0000000000
145.4667968750 -1484.3002929688
3379.6943359375 -2563.0625000000
2950.2111816406 2537.3020019531
-5133.4084472656 4050.1962890625
5576.5734863281 2413.1486816406
2182.6484375000 -478.6535644531
1018.1096191406 -2138.9064941406
2895.9116210938 -6066.8149414062
2199.4843750000 4291.1948242188
-7341.4799804688 2310.1594238281
-4366.6596679688 -1102.3149414062
-1584.6184082031 1160.5290527344
5147.1308593750 -1620.6137695312
-4832.7460937500 2319.9372558594
-4504.9443359375 -282.0190429688
4548.8610839844 4581.8601074219
-1005.8256835938 -1772.1811523438
-5306.0803222656 -2384.3520507812
-2616.1059570312 -2196.2294921875
2473.4145507812 7465.2243652344
1222.6440429688 -892.5671386719
-2496.4736328125 7215.3791503906
4463.0671386719 3534.0344238281
-4927.6992187500 -1484.9091796875
8955.1433105469 3081.4885253906
-507.4182128906 3405.0261230469
-2384.6083984375 -473.9020996094
-1979.1035156250 -1284.4819335938
-3394.0224609375 -5919.7543945312
-1380.7224121094 2318.2102050781
-334.3574218750 1497.8107910156
2575.0000000000 7563.0000000000
-591.2507324219 4898.2536621094
-1689.3906250000 -2723.7551269531
-1171.7531738281 4884.6337890625
-392.7416992188 3351.6408691406
-4050.1103515625 -2246.9821777344
4033.5393066406 -494.8486328125
-2713.2375488281 2132.5522460938
-4450.8640136719 -462.9858398438
-4214.0456542969 2560.9479980469
-3767.3544921875 -70.7741699219
-4448.2509765625 -1361.1711425781
2048.7795410156 3232.7836914062
4050.7121582031 8244.9965820312
2354.0261230469 2678.1193847656
-3051.5954589844 -2159.4199218750
1684.9484863281 1328.9594726562
87.1855468750 -2932.4638671875
566.5065917969 3786.2309570312
1851.9008789062 -1040.4291992188
472.7248535156 -811.6938476562
-2401.6313476562 1092.8178710938
-3115.5888671875 1796.8146972656
1051.4428710938 -1987.1484375000
-3140.8081054688 -808.9504394531
5201.5041503906 2345.1372070312
-913.4301757812 -4715.4130859375
-3761.4882812500 -972.2111816406
875.0151367188 214.9997558594
101.5126953125 1963.9931640625
5419.1845703125 -680.3818359375
-915.6159667969 -2912.0117187500
1870.0000000000 -5679.0000000000
4317.4936523438 3145.4504394531
949.6782226562 -1228.4665527344
5029.1066894531 1413.9150390625
3017.7795410156 -5352.3222656250
-2478.0515136719 -2344.1352539062
-887.8796386719 636.4753417969
-2344.6875000000 -1329.7424316406
-2696.9177246094 -1917.9414062500
841.3615722656 1098.1342773438
-2191.9050292969 400.3942871094
3715.4819335938 -6305.3796386719
440.1511230469 -559.0109863281
-4715.1562500000 -2488.9055175781
-4378.6733398438 3543.7336425781
1518.4189453125 1814.8378906250
529.9838867188 -5424.8344726562
-965.4958496094 3458.0534667969
4175.7919921875 2959.9729003906
-5608.8188476562 1027.8676757812
-5683.5246582031 -4997.2092285156
476.4084472656 1052.2788085938
2469.7602539062 -4583.9135742188
3154.4487304688 1924.2016601562
-2442.8510742188 2893.8232421875
-1128.6499023438 1162.8786621094
-1181.6071777344 247.9091796875
-8397.2949218750 -831.9968261719
-3073.8962402344 -1722.7968750000
-6186.6364746094 -1467.7807617188
2252.7465820312 -2159.9753417969
1397.6682128906 6509.4667968750
4034.0000000000 -1867.0000000000
-1742.7954101562 1627.3977050781
879.7236328125 2178.1464843750
556.4291992188 -488.2075195312
20.4541015625 2426.3234863281
651.0629882812 -241.4309082031
-3681.9365234375 1049.5200195312
-3567.7612304688 1974.1845703125
-793.9755859375 -3588.8903808594
3221.7395019531 1871.3112792969
-2751.9580078125 3741.2749023438
1898.9272460938 -1844.2990722656
1190.2595214844 1087.9318847656
-233.4160156250 4157.7209472656
-1989.2412109375 3576.9592285156
-1907.6103515625 -254.8288574219
1631.9501953125 1402.9572753906
-2545.6342773438 -555.4384765625
-625.1059570312 4621.6059570312
1339.6496582031 5558.3039550781
2673.3823242188 -3974.1547851562
-1607.4357910156 -2115.8815917969
-1331.8881835938 217.8767089844
1723.1369628906 -4774.4270019531
-991.9394531250 2264.8618164062
2107.5419921875 -4921.0307617188
-2282.2707519531 2402.1752929688
-4239.2670898438 -6522.6826171875
-1420.2023925781 3791.6545410156
9419.7348632812 4824.9106445312
2575.2792968750 -1172.6245117188
-3202.4804687500 -1638.8735351562
-1641.0000000000 3875.0000000000
1237.6013183594 5789.2048339844
-1731.9851074219 97.5222167969
-1816.8662109375 -1651.3923339844
388.2441406250 3361.5087890625
-263.4702148438 3340.3776855469
-1854.1672363281 4399.8674316406
341.9768066406 1729.3732910156
-2082.9362792969 2762.9155273438
3328.3881835938 -9176.4831542969
5889.8215332031 -1597.2302246094
-1950.4497070312 269.3039550781
2820.0827636719 1204.2387695312
2793.2536621094 858.8806152344
-3501.9284667969 5792.8024902344
6099.1342773438 -4108.6882324219
680.9792480469 -6258.8090820312
-985.9624023438 -5114.6591796875
3891.6076660156 -1470.3703613281
-6195.2001953125 -75.0791015625
-1054.1918945312 2524.2343750000
2244.4475097656 -3376.9841308594
3430.8154296875 -1447.2373046875
-2914.2893066406 5308.2868652344
5242.6801757812 1648.8994140625
1306.2775878906 609.6496582031
-2697.7412109375 -2889.4731445312
-1145.8029785156 -1872.5310058594
3405.4333496094 3209.3937988281
7385.8159179688 1806.4587402344
-1570.4089355469 3169.5139160156
2005.7668457031 -3950.6638183594
176.0000000000 -4158.0000000000
2074.3640136719 2961.1882324219
2986.6484375000 1661.8764648438
-1671.2202148438 205.5930175781
-6647.6901855469 -4561.6601562500
4067.8188476562 6449.9321289062
-3281.9582519531 1617.7683105469
-1296.5205078125 801.8974609375
-506.9843750000 28.9990234375
-7748.0141601562 896.9284667969
-1549.8750000000 -1116.0935058594
3416.2114257812 46.8964843750
-1535.8410644531 -2818.9792480469
1121.0527343750 199.3041992188
-2195.6765136719 -1134.0400390625
-8697.8181152344 5263.4619140625
-2865.9125976562 -4285.8691406250
-6073.3193359375 1417.2031250000
796.9082031250 3461.7121582031
1682.8793945312 -1891.5632324219
-3865.8710937500 2773.6301269531
1055.5019531250 -1395.7709960938
2.7321777344 2813.3239746094
3407.9516601562 1374.6611328125
-4334.7353515625 2990.8173828125
1253.6145019531 5486.1633300781
-3909.3684082031 4519.8964843750
263.5065917969 -4016.5244140625
1293.8161621094 -1496.7114257812
1792.9799804688 -6223.2070312500
4606.7409667969 3766.2346191406
-3512.0869140625 2854.9045410156
3774.0000000000 -5055.0000000000
4736.5654296875 -3162.4387207031
-666.9875488281 -1048.2326660156
-6520.8210449219 -176.3537597656
3893.9255371094 1518.2656250000
4934.2512207031 4052.6594238281
-1139.0476074219 -224.3776855469
-3158.1889648438 2147.6066894531
-2297.9299316406 -6388.8051757812
2767.7229003906 2272.7998046875
-2367.1152343750 2110.0178222656
2329.8759765625 -1096.5722656250
-467.6899414062 -4487.8657226562
344.5524902344 3279.9438476562
985.0698242188 -2619.1923828125
1646.7077636719 -2030.7583007812
4817.8530273438 1564.9521484375
-1836.0297851562 2962.3103027344
1775.5983886719 -2692.9404296875
5023.4328613281 -1470.8410644531
6747.5439453125 -2082.1850585938
2599.9130859375 2513.7189941406
2543.1765136719 -328.0043945312
-697.6862792969 -4335.7448730469
-4853.7036132812 7358.5507812500
4534.6406250000 -1926.7868652344
-3541.1149902344 3286.9228515625
-3634.5625000000 505.1896972656
-2750.0297851562 4723.7070312500
989.0764160156 6454.1813964844
1434.3728027344 123.8425292969
1443.3649902344 1098.0705566406
-1800.0000000000 2298.0000000000
-1584.3906250000 -1601.4311523438
1590.9204101562 82.0908203125
3043.2351074219 -2962.9919433594
-874.0656738281 -1102.3889160156
834.5231933594 -616.8271484375
-4744.3293457031 -2311.2358398438
4587.1726074219 -6360.7910156250
2286.9301757812 1540.9531250000
-5136.7641601562 1673.5246582031
1526.8945312500 -4356.3310546875
188.3505859375 2820.9248046875
7667.3842773438 67.3786621094
-5911.8066406250 -794.8486328125
-5280.3486328125 8434.8852539062
3029.6938476562 6884.3742675781
1907.9418945312 1951.9404296875
3111.1530761719 -911.5673828125
-1525.7077636719 -654.6367187500
-4088.0820312500 -3835.7138671875
-159.8977050781 -1157.5068359375
-2691.2185058594 6641.1972656250
1818.5009765625 3658.3347167969
-2860.8918457031 1364.6257324219
-1262.9228515625 -1410.9140625000
180.2038574219 1335.4169921875
4627.4208984375 1077.0822753906
-1105.4433593750 -940.9975585938
2905.8815917969 3748.2739257812
-1792.5888671875 1137.7778320312
-8508.1782226562 884.9421386719
-1977.8688964844 342.4809570312
-1841.0000000000 -2190.0000000000
-2851.5444335938 -4033.7512207031
2450.4855957031 3108.7895507812
-633.7978515625 -3925.8400878906
-6172.5153808594 1525.2016601562
-3215.2915039062 -3115.9423828125
-753.0085449219 4659.8955078125
6346.0507812500 -1378.7727050781
-4302.8686523438 -477.9853515625
4873.0932617188 2343.9562988281
-1673.6857910156 -971.1074218750
-3732.5109863281 -4295.6967773438
-776.0578613281 2179.3483886719
-2742.3085937500 451.0534667969
2061.0417480469 9532.5637207031
-323.7656250000 3428.1513671875
-4676.8571777344 -5673.8269042969
4009.9499511719 -693.3950195312
-2346.0278320312 2375.6921386719
125.2875976562 -610.8601074219
1998.5817871094 -313.2287597656
-951.8762207031 -1459.5444335938
-3192.2905273438 670.3359375000
1295.5224609375 3234.1579589844
1996.8779296875 4993.6953125000
-725.4694824219 3135.0275878906
8220.6457519531 4006.0783691406
-1604.6113281250 -1274.0134277344
358.0727539062 1964.3386230469
523.5300292969 2868.2636718750
3304.0043945312 -3919.5354003906
-1992.0036621094 -2736.5522460938
2871.0000000000 1309.0000000000
-2075.3867187500 5063.4499511719
-2953.2287597656 -345.1865234375
5490.2624511719 2380.5629882812
3328.8732910156 7386.8315429688
-106.1672363281 2950.9672851562
755.2094726562 2734.4238281250
5837.8061523438 1936.9277343750
2146.9345703125 -2986.9086914062
-1052.3659667969 -3267.7568359375
884.2724609375 2775.1875000000
5773.0705566406 4573.4792480469
2754.5612792969 -2697.4350585938
252.5090332031 -124.7116699219
186.0837402344 2346.0917968750
-4689.0947265625 -1402.0429687500
5536.8310546875 302.9907226562
2149.6169433594 -3152.2888183594
-930.6770019531 -1644.1093750000
4229.3603515625 -994.7900390625
-3464.7636718750 3200.7475585938
-265.3432617188 5823.8051757812
-870.6447753906 -468.2233886719
652.6328125000 -5551.3920898438
3744.7714843750 -3196.8046875000
-2827.2177734375 -1223.2780761719
-384.2382812500 -3689.6130371094
-3851.1376953125 -9957.1040039062
25.2680664062 -590.3461914062
52.6118164062 -1246.3859863281
6112.6213378906 3194.9792480469
-3107.2465820312 1295.5771484375
3495.0000000000 -2545.0000000000
-1847.1403808594 84.1750488281
2155.6613769531 -2011.7045898438
-3426.8012695312 221.7968750000
-1108.4919433594 2781.9226074219
4347.6979980469 -1778.5808105469
216.0336914062 -1394.7883300781
957.3039550781 42.6804199219
-7.9997558594 -2051.9372558594
-3025.1486816406 3429.3559570312
-610.5869140625 5946.7875976562
838.6904296875 395.0839843750
1108.9438476562 805.8544921875
-5183.1254882812 4026.6816406250
4672.9189453125 -1625.7187500000
-4203.8256835938 -3276.0544433594
1340.9589843750 -2572.9213867188
-5866.4340820312 -3012.8745117188
6416.5656738281 -3457.8149414062
2829.2915039062 -698.4660644531
-2733.3068847656 -2089.8798828125
6228.7094726562 1588.1381835938
-4053.3933105469 3088.0217285156
519.1494140625 962.4128417969
2859.8256835938 3449.7895507812
-66.3571777344 5427.7065429688
-1329.9394531250 3610.3107910156
3847.7507324219 3531.8635253906
2716.7397460938 646.0368652344
1947.8044433594 802.3696289062
-5186.9960937500 4107.9360351562
470.1354980469 6139.6074218750
789.0000000000 1269.0000000000
586.1616210938 1149.5253906250
3827.4343261719 -7119.0148925781
-6087.5659179688 -1609.1418457031
933.9248046875 -2016.5498046875
-636.0312500000 -4857.3554687500
-2384.6711425781 -1486.9321289062
3565.6911621094 2112.7153320312
6919.7888183594 7275.7780761719
498.0314941406 -3245.4411621094
1812.3979492188 -6154.7529296875
1564.4665527344 4583.8569335938
5649.0893554688 610.3017578125
-2752.4870605469 1976.7150878906
1347.3063964844 -2460.2202148438
-1179.4587402344 -3678.3972167969
-140.9956054688 -438.9865722656
2190.9741210938 -4265.2692871094
536.8872070312 -734.7966308594
3629.0361328125 435.7941894531
-4483.6796875000 5440.2792968750
-4922.9860839844 -974.0019531250
4013.9758300781 5930.9689941406
-3870.9777832031 -7484.6855468750
87.9946289062 837.9487304688
-1099.3237304688 -4592.2829589844
-1636.8298339844 -4586.3781738281
1653.7109375000 945.0708007812
692.5026855469 85.6530761719
-2935.3203125000 -1470.6608886719
-5388.2980957031 2155.6940917969
-4186.2807617188 3614.9289550781
4997.0000000000 68.0000000000
797.7485351562 6114.3542480469
-2614.5249023438 258.2182617188
4351.5100097656 -1193.1335449219
-2132.5036621094 2607.5451660156
1663.3276367188 -5075.5505371094
-5214.5949707031 -3904.9846191406
4966.7788085938 312.2868652344
1685.9484863281 1362.9584960938
-3267.7692871094 4808.9738769531
1233.0488281250 -3815.4006347656
3568.1767578125 -1210.1560058594
488.1289062500 -690.9809570312
6456.7370605469 -990.8151855469
-2115.0651855469 -3361.5371093750
2171.9228515625 -2757.8405761719
-854.9738769531 5309.8378906250
4075.5861816406 7661.9362792969
-3843.9191894531 -2021.0539550781
314.3544921875 2050.9426269531
-2357.2871093750 674.3342285156
-2693.0085449219 5306.7978515625
447.5666503906 2513.5744628906
-4307.0390625000 1449.5751953125
-707.9567871094 -5460.6667480469
-1948.2775878906 538.8408203125
1285.5168457031 -2529.1838378906
-2981.7629394531 3481.6264648438
913.7578125000 2712.7746582031
3138.9304199219 -2997.2539062500
-2233.1625976562 -4506.1872558594
2075.2907714844 2434.0290527344
2247.0000000000 -812.0000000000
2804.3427734375 -1475.9125976562
2822.7849121094 -920.0646972656
-7810.3771972656 4086.1945800781
-2579.2416992188 -1895.1284179688
6844.7944335938 -3766.3571777344
1326.6308593750 -3397.5126953125
-4826.8254394531 -1242.4606933594
3633.8891601562 -4054.8762207031
69.5241699219 -468.8171386719
-5396.1950683594 -2057.7751464844
770.4880371094 1735.4179687500
-518.1064453125 -595.5664062500
-3836.2333984375 -462.2304687500
-10059.5600585938 365.7785644531
1908.6145019531 265.5214843750
-3678.8876953125 -5919.8193359375
1792.3642578125 674.9970703125
-1112.9648437500 -4112.5178222656
3346.1550292969 2266.7919921875
1639.2204589844 1899.0705566406
6746.6301269531 -1048.7744140625
-718.1445312500 1226.8352050781
2545.6545410156 3929.5356445312
-2577.8427734375 1794.8903808594
2303.6838378906 5565.0642089844
-813.2390136719 -3200.9440917969
3378.9299316406 291.2670898438
-629.8044433594 -376.3630371094
489.7419433594 -3985.5917968750
-1119.8833007812 1592.7661132812
-3024.5920410156 -2508.9355468750
1913.0000000000 -28.0000000000
-560.0239257812 -918.4619140625
-4333.8088378906 3011.1201171875
2509.0014648438 -2521.2648925781
2323.2448730469 -937.8576660156
2315.7731933594 1668.5705566406
-4598.8151855469 95.4020996094
-4203.1801757812 1649.3125000000
450.9863281250 1259.9614257812
-655.9790039062 -4011.1838378906
1451.5761718750 3663.5485839844
7063.3435058594 3926.6350097656
2853.4165039062 2217.3779296875
2697.4633789062 -5091.0026855469
3299.1147460938 5552.9069824219
-875.0168457031 242.3454589844
-2364.9277343750 -2145.9345703125
1534.6186523438 6521.9270019531
1422.9787597656 3862.1101074219
-2533.9074707031 2978.8967285156
-403.2912597656 -1676.0109863281
1372.6896972656 -3394.4172363281
3412.8837890625 1251.9514160156
5724.6308593750 3276.5122070312
-1234.9248046875 -1373.9160156250
4077.6435546875 -3465.4199218750
4478.8007812500 1150.5646972656
-1344.1613769531 553.2973632812
1702.2536621094 -2019.3281250000
-2758.7736816406 -7036.2854003906
-5140.8898925781 7746.1657714844
1970.3781738281 -490.7846679688
-6921.0000000000 -2027.0000000000
-3348.1557617188 -396.3793945312
2237.5163574219 2556.4597167969
1965.2495117188 -1190.1030273438
-2736.8386230469 -954.7365722656
5519.8459472656 1585.1572265625
-508.8083496094 -5163.0185546875
5411.5178222656 1450.8686523438
-5437.8339843750 -2169.9338378906
-818.3293457031 184.5336914062
1163.5910644531 1907.6647949219
1739.1992187500 4179.0520019531
-434.8154296875 6796.3896484375
2199.0437011719 3703.3427734375
1134.0708007812 -4381.6530761719
-3427.9790039062 -2341.6037597656
-1282.9609375000 1368.9582519531
17.0268554688 -1735.1906738281
-2425.3759765625 -6524.7336425781
1605.7648925781 -5419.7434082031
10.9213867188 -1021.1721191406
-606.0969238281 139.8894042969
2225.5285644531 -2001.4838867188
-2985.7265625000 -1326.6791992188
-5469.6660156250 1379.9157714844
-3966.0036621094 3538.2338867188
-4663.2958984375 -4922.7358398438
2766.6694335938 3482.2202148438
-5614.6440429688 -1692.6494140625
-125.2849121094 -4515.7016601562
4420.3933105469 4850.4626464844
-2538.7849121094 3653.5063476562
-2040.0000000000 5568.0000000000
251.5888671875 -847.6743164062
-1543.9235839844 -3236.6164550781
566.3474121094 2334.8410644531
1376.9091796875 -1189.8107910156
343.1503906250 -1386.9313964844
3887.3168945312 -1913.6242675781
3442.2695312500 730.0869140625
-67.9980468750 3283.8999023438
935.3203125000 1471.1975097656
3056.4455566406 2277.4641113281
-212.6574707031 1002.4367675781
4761.2712402344 411.0388183594
2680.6259765625 5101.3566894531
-1600.0771484375 2598.4946289062
1701.3056640625 -4157.7150878906
-1293.9604492188 -2257.9311523438
-766.3115234375 -5302.9953613281
2159.6867675781 1013.1020507812
-532.9125976562 3814.5830078125
-322.9311523438 1403.7612304688
465.6606445312 -5054.4885253906
-3018.1760253906 2286.4211425781
4014.1835937500 -192.8583984375
-8961.4531250000 4529.7236328125
1771.2385253906 -1997.4792480469
1247.4064941406 657.8884277344
-7005.0847167969 -319.9299316406
2900.1723632812 4930.4846191406
846.1352539062 3289.1367187500
6066.3808593750 -6218.8630371094
-3621.0217285156 -1171.3464355469
-4607.0000000000 -1099.0000000000
-83.6948242188 2475.4582519531
-3829.6394042969 -4150.9313964844
-465.4882812500 -1236.1489257812
8738.4663085938 238.2512207031
-1602.8762207031 -1830.1821289062
2433.8259277344 672.8625488281
628.4355468750 8.5090332031
1278.9609375000 754.9768066406
-4297.6899414062 -1436.2597656250
3482.7021484375 -7153.7875976562
-1241.2797851562 -1121.2746582031
-2901.8388671875 -1151.6777343750
5483.9555664062 -2398.1279296875
7057.5517578125 -908.7290039062
-5035.5253906250 4376.1125488281
760.9768066406 -5510.8317871094
-1116.2158203125 3265.5759277344
4249.5009765625 -7500.5891113281
996.9113769531 2645.4860839844
601.2302246094 1697.6379394531
1643.4438476562 -91.7585449219
451.0954589844 2002.1130371094
-2207.4633789062 2392.3647460938
3634.7783203125 2294.8598632812
-3456.7182617188 3578.3547363281
4768.6455078125 3594.0007324219
1042.2153320312 -869.7309570312
-4369.5844726562 -2791.9963378906
-4585.5495605469 -6570.4338378906
-855.2048339844 -1306.2277832031
7257.8381347656 -2963.6506347656
-5775.0000000000 528.0000000000
-2044.7209472656 -5907.1418457031
142.1823730469 -1529.1240234375
772.6767578125 -426.5090332031
-365.6325683594 -570.5222167969
-785.0688476562 -895.1723632812
3623.2285156250 -841.7246093750
3317.1232910156 4968.5520019531
-6717.7949218750 -2226.9318847656
1885.0527343750 1633.0493164062
5114.4462890625 3624.0607910156
-3120.0952148438 -2070.4873046875
-256.6970214844 4634.7832031250
-3943.2934570312 -2445.2666015625
4498.4855957031 3970.6826171875
-1253.0410156250 -726.2407226562
-280.9914550781 -5043.8459472656
-784.3220214844 -2944.3879394531
2394.9526367188 -3288.9841308594
-4237.3637695312 2067.6418457031
5507.3078613281 6196.1616210938
1056.8520507812 3282.4980468750
1459.6459960938 -4286.0634765625
-840.5649414062 -781.8352050781
-1365.9167480469 1414.9135742188
-2728.3669433594 1800.4143066406
2295.7458496094 -1413.7963867188
344.7619628906 -6230.9016113281
1574.5683593750 -844.9887695312
1232.2749023438 636.0034179688
1333.7104492188 1165.0439453125
-3526.4226074219 -2439.3317871094
-3623.0000000000 -6786.0000000000
5734.2744140625 1844.8566894531
-1125.3195800781 -2820.6135253906
-4714.6281738281 3971.7014160156
6210.8742675781 1530.5209960938
-1862.4050292969 1838.6740722656
-224.0410156250 -548.0183105469
1787.4890136719 2401.0129394531
-1090.9667968750 321.9902343750
5979.5830078125 5912.3105468750
4571.8408203125 1124.3686523438
5051.6811523438 1003.1655273438
-2616.4123535156 5804.4809570312
1508.9318847656 1467.5380859375
-4603.7436523438 -98.2070312500
3249.6411132812 517.0878906250
3656.8884277344 857.9738769531
-2927.2451171875 2397.0397949219
3232.2927246094 -2356.6416015625
-4334.3000488281 -7884.3425292969
4448.6647949219 -2836.3942871094
1354.3564453125 -897.5285644531
-2580.2893066406 -2131.0915527344
767.9367675781 1671.1337890625
-558.9658203125 -1649.8994140625
3056.3862304688 -313.2766113281
688.6811523438 -2.9516601562
-1096.6120605469 3288.2565917969
2228.3676757812 1940.9870605469
-1172.5278320312 -4785.7285156250
6247.9821777344 -3070.0703125000
-1871.2207031250 -1744.2485351562
0.0000000000 0.0000000000
0.0000000000 0.0000000000
0.0000000000 0.0000000000
0.0000000000 0.0000000000
0.0000000000 0.0000000000
0.0000000000 0.0000000000
0.0000000000 0.0000000000
0.0000000000 0.0000000000
0.0000000000 0.0000000000
0.0000000000 0.0000000000
0.0000000000 0.0000000000
0.0000000000 0.0000000000
0.0000000000 0.0000000000
0.0000000000 0.0000000000
0.0000000000 0.0000000000
0.0000000000 0.0000000000
0.0000000000 0.0000000000
0.0000000000 0.0000000000
0.0000000000 0.0000000000
0.0000000000 0.0000000000
0.0000000000 0.0000000000
0.0000000000 0.0000000000
0.0000000000 0.0000000000
0.0000000000 0.0000000000
0.0000000000 0.0000000000
0.0000000000 0.0000000000
0.0000000000 0.0000000000
0.0000000000 0.0000000000
0.0000000000 0.0000000000
0.0000000000 0.0000000000
0.0000000000 0.0000000000
0.0000000000 0.0000000000
