-831 819
-588 -458
-550 -811
-636 -115
464 -661
-259 50
-82 198
159 -917
302 -576
-251 305
-744 570
-91 564
-388 803
-569 -472
-31 463
659 274
-928 578
731 214
-375 529
-217 419
819 148
260 768
-44 -586
230 286
-126 -519
674 485
-653 -219
359 358
433 -628
-46 -281
793 -1
-467 679
-51 978
893 -295
-230 -666
422 135
-552 -529
-79 -857
-168 236
262 92
570 795
-708 690
-565 4
851 -257
-493 -407
649 312
-259 -470
-254 749
889 -433
-56 187
348 -257
407 -894
-992 949
502 238
-464 629
463 326
887 -745
-695 -640
-603 956
-184 700
253 -46
-467 -431
-959 26
-522 -176
-85 369
814 -982
-108 178
-222 33
701 880
-695 -617
532 354
-446 113
-13 -226
-341 -692
-632 -854
-655 257
761 235
483 858
386 346
-269 -799
-462 -435
994 265
298 380
-11 -847
-934 632
664 -625
-220 -134
-10 -133
-418 395
-492 -44
831 81
385 -595
-525 -255
-363 -418
200 -918
556 45
97 398
-131 231
811 -111
-911 -516
-342 809
-79 -126
-506 -591
208 -502
506 976
668 -151
-682 628
-727 595
-611 611
632 516
632 -420
-319 89
331 -180
762 -957
-950 484
-886 -889
-81 469
-387 313
807 692
518 333
-461 -83
608 982
-602 468
-16 45
-826 63
-102 222
-388 -810
-643 878
259 637
-430 211
-799 486
-374 804
34 415
356 577
834 998
-131 891
709 -362
296 547
-319 238
786 -421
31 -573
466 917
-389 -407
941 -692
-566 503
78 -730
719 864
684 227
557 -681
-317 -63
925 466
-527 315
-247 59
-470 537
-911 -539
-615 -615
-71 225
-200 -568
-178 229
-600 637
-98 -580
957 -570
-402 -622
602 -58
551 502
-590 -953
267 412
-832 -547
-451 -434
537 202
92 579
821 -58
512 -173
-550 -385
-268 -458
-616 649
561 220
758 -803
-934 -258
-5 616
-23 -811
858 -52
-124 955
-596 -442
445 124
594 -339
323 -114
-252 89
340 273
-388 725
-628 -640
-652 -424
840 109
-299 850
477 -591
586 936
934 66
-755 -836
623 -842
668 475
655 768
-55 26
748 -41
991 715
-738 -371
423 -415
-835 -879
-605 -497
156 847
665 -647
991 994
-506 -905
314 705
797 288
-241 781
-448 819
978 -141
140 4
-16 432
-512 -493
151 -563
901 -707
-29 -207
827 809
418 797
-954 206
974 154
-525 -599
252 -533
529 -426
-768 372
-708 -153
-682 -774
-942 475
183 -650
-236 -373
56 465
-239 -137
-762 723
-882 687
-248 82
-84 370
-729 -237
-925 549
-949 -830
916 615
939 -377
635 -253
-160 250
758 -447
-35 -887
-676 977
602 -955
-753 -102
227 523
-695 -903
485 733
278 -513
810 -198
728 44
-198 733
-451 -813
735 710
-106 551
744 680
-258 -931
-777 687
622 591
-705 793
-270 -965
91 50
213 903
-653 -724
-374 662
363 -459
-892 -563
50 -512
67 -473
735 730
134 688
825 671
956 -979
-984 303
-223 856
-262 6
-917 285
-56 685
812 35
-513 427
-62 117
292 -470
-768 786
-762 426
-170 -259
421 -510
746 708
-177 -194
412 -55
734 -532
-713 -840
-86 570
953 567
-256 916
111 243
-220 147
625 887
-38 834
-227 -131
285 948
885 -140
-96 990
740 -77
-416 993
425 90
-71 -880
79 976
-205 -656
415 -213
177 -12
563 888
848 214
-464 -986
978 25
20 832
844 -195
922 819
-482 -450
-610 227
-179 -552
-155 963
-348 681
537 95
763 805
325 -846
684 628
-786 -887
97 -554
-33 59
654 -932
474 344
-9 568
-722 -236
-369 -534
484 389
-812 -469
-601 -821
-5 -196
634 863
-514 695
31 582
-245 259
-366 -804
275 -337
531 -128
-9 932
6 -577
143 735
-943 -977
390 -961
202 792
-169 891
288 140
33 145
161 -955
-782 -102
27 710
225 -684
148 859
-314 -513
-700 -660
498 78
885 672
-212 -286
-343 -705
-639 -778
-85 -913
405 -145
640 -829
-768 -841
485 199
-608 541
253 778
-886 950
-515 -532
677 -71
-433 495
880 672
-175 -902
494 314
666 -72
-499 856
-841 260
242 840
-555 -8
818 130
-266 -836
-615 714
-328 -452
796 57
-584 -882
954 -670
223 562
-669 -626
-478 -748
625 346
760 -825
-805 713
-46 -945
-596 -569
-553 -359
252 99
-835 306
-627 -773
-483 -582
-996 -953
202 156
483 465
-589 948
-622 -245
-207 690
402 953
-587 -944
-867 -639
181 51
741 -228
861 -26
-311 -71
-93 949
-577 508
-412 231
916 -577
-224 22
-675 915
625 -183
678 -616
836 -821
-519 -799
-271 -726
268 -891
826 -513
32 725
-227 897
627 186
-127 937
-981 -158
521 239
-929 652
-174 605
-672 -100
282 -288
450 390
-499 -965
605 -541
-526 689
-89 -699
233 404
111 807
138 -478
-14 839
935 473
685 610
-426 -542
363 -706
-747 -340
675 33
632 -958
-507 851
487 527
135 800
942 95
524 -522
-584 419
-114 24
-712 371
500 568
502 318
-935 -864
-391 588
96 -590
572 467
829 818
-241 275
-842 849
-963 557
324 980
-987 -869
-816 534
809 708
985 582
960 261
715 -776
-422 -630
144 -820
552 -99
-499 84
-31 279
-959 -163
-941 81
-311 527
842 885
76 353
-505 -658
-576 -659
578 796
754 -161
-7 499
-297 292
-77 -580
-672 577
-516 408
35 -27
-521 213
623 862
-618 444
749 -514
-980 -1
-354 -85
544 572
103 -436
-181 819
73 633
-726 386
-459 405
-908 597
548 21
142 -962
-148 672
-58 875
-374 -324
-238 -479
386 268
-117 923
415 329
362 -350
830 499
-919 -960
-970 -760
-347 867
-866 -531
54 526
873 -642
870 374
136 -669
-781 381
-287 -492
278 -691
118 285
30 600
-417 379
-855 644
-98 -136
861 -604
-977 294
-944 181
-205 -428
580 -410
345 164
-277 -809
504 15
-877 -352
810 288
728 170
-475 32
72 -487
565 -264
-607 467
794 -162
-137 -632
891 964
-297 311
-210 -401
913 -75
-443 894
-698 -226
431 -842
-325 -699
-61 -495
-291 -292
972 -844
-471 830
107 -703
-348 371
637 -121
-420 -515
199 273
464 434
-815 424
970 392
269 366
892 -792
984 -44
-292 595
943 -770
713 98
-492 -165
-38 -737
506 -707
818 -573
-751 -586
-738 -142
203 402
706 8
476 407
339 -826
-448 -377
957 320
785 685
31 -492
-364 737
871 -416
814 -49
110 627
99 -818
-927 -171
812 -643
-720 -154
426 -410
-714 514
-974 -65
230 -824
141 -422
-856 -903
-606 -453
847 111
819 -460
-941 -284
751 -205
-469 579
-66 -452
-534 430
846 744
279 -517
563 201
-309 34
781 818
-312 -881
-985 422
-386 662
-436 -929
637 -265
-934 -378
-720 912
316 254
477 -505
-547 -39
-546 -798
-662 792
-838 -264
945 127
525 154
-704 -348
675 -804
12 -231
-615 -617
-102 65
-40 728
676 -511
-746 54
-337 746
-797 -444
841 -659
804 383
800 270
968 -243
984 -181
173 -151
283 -432
-950 937
988 -348
-924 -414
-677 -552
854 337
648 -553
590 -242
266 -682
-768 -754
-813 779
701 -824
318 -922
81 963
165 885
223 481
-217 -844
-82 691
726 -158
565 -55
845 -101
-524 -864
-888 479
-180 -130
-349 887
651 753
-112 -693
439 -696
-613 -173
-291 -72
183 256
-81 735
-313 -841
-150 -175
-800 15
425 37
-202 -676
-603 -547
-683 -459
-716 528
697 -93
480 130
858 -268
391 721
878 101
777 737
443 -635
619 253
-406 847
777 949
734 749
-480 -82
439 657
907 348
-679 -761
232 257
-446 -272
-163 -451
813 -610
-633 731
-258 -100
614 -190
-729 527
562 -949
-194 -950
603 707
10 -998
287 -155
-232 -807
-845 352
-216 -507
-994 -155
-519 142
-450 -828
-52 26
-546 -115
-19 105
640 -819
-931 -805
189 3
151 244
-944 -298
-98 900
-200 -508
-9 -344
877 454
43 -780
-996 -850
829 23
-386 720
264 781
197 -56
452 -443
554 -220
-952 -679
897 -415
-974 -414
-81 9
722 457
-324 992
-458 -625
94 -57
389 -542
540 -945
715 228
397 -749
667 91
-642 507
-952 -755
841 -794
-468 -77
-402 591
726 352
417 -948
504 84
-308 -446
881 -992
156 -511
-331 -971
989 -753
960 404
-451 -528
834 376
270 -142
-215 990
809 809
-37 -637
-628 -961
-983 657
-646 345
-652 568
-867 133
209 -117
317 -547
-860 -500
757 386
869 -360
734 -514
526 457
-755 -312
789 160
-718 753
45 482
690 495
-148 -509
-832 508
-513 417
-169 812
251 -44
873 38
41 -535
333 -670
-831 566
-17 481
-42 -309
18 -502
-269 -178
-1000 481
82 -476
472 748
-834 -625
-131 974
490 640
275 -866
-949 -422
-353 815
532 -650
739 914
-903 696
-110 -569
337 89
80 488
323 -581
828 261
-936 -793
-773 -470
35 725
-981 637
-198 -491
251 -734
-319 -457
648 -620
-625 -958
394 753
185 -219
-585 -777
-983 117
-417 -339
204 -893
502 334
594 -861
780 270
-79 140
-5 -831
-343 806
-601 -469
602 780
-616 -101
-48 -297
-826 -756
923 149
581 293
-234 -894
-152 59
-380 244
-80 502
-177 -144
39 -230
-247 -332
491 -735
952 782
-767 891
-544 315
-903 948
-65 726
-20 -429
411 -730
581 -105
-491 880
115 -91
479 324
945 -347
240 -158
-654 519
-615 86
237 648
950 943
-436 105
-265 -417
-25 -818
-771 -274
-905 -912
392 -126
-650 -953
-55 164
62 295
73 -875
-568 773
-153 -767
514 -933
-996 33
401 17
-220 294
797 465
-128 -355
-737 -188
-661 763
-303 -160
-764 -631
62 -123
-566 -490
-284 -228
-312 -846
631 370
73 -312
-114 -11
-916 300
-235 68
-415 702
-968 -279
365 -436
-407 -669
-50 593
-415 137
793 415
-327 938
-573 500
960 -907
-377 612
-292 479
-876 620
-598 723
-639 -255
483 -270
222 310
779 -800
331 -49
652 217
983 -92
343 -474
-64 -214
360 -221
119 831
90 701
-873 965
-248 217
840 989
220 -851
559 878
-23 754
389 -448
-546 790
746 -130
-401 969
-43 -113
-778 459
-871 -591
-678 474
38 145
-443 -850
-551 292
113 735
-232 -974
-272 349
707 107
78 -982
687 638
417 -467
161 670
114 501
433 -268
339 -942
-912 393
-711 -249
787 444
-953 -970
-479 167
971 873
-324 -995
-300 646
-837 -449
-522 -269
414 -859
-314 -667
-756 -352
201 991
217 -84
858 -296
860 625
-142 -423
21 -280
-931 -827
-757 941
473 -132
526 -826
482 -10
-320 661
171 -379
507 472
-17 -470
700 -88
-39 938
413 363
-778 435
-688 -741
-301 35
845 -264
-296 876
-466 -784
-255 -788
-370 499
-205 -235
213 -379
-58 -684
-910 -356
-20 -334
844 -443
-463 454
